40.59 99.3 50.59 51.8 43.67 83.61 99.83 71.77 84.39 0.32 49.97
34.66 76.31 78.54 23.02 11.16 32.22 26.11 47.29 50.64 3.91 62.58
64.9 75.03 55.91 70.34 92.11 92.03 30.71 57.65 34.09 1.43 63.38
40.94 16.07 10.42 3.59 26.76 20.32 55.56 7.66 98.03 34.91 87.58
23.25 54.45 5.65 64.86 77.53 94.15 99.51 60.25 97.6 98.59 1.77
81.98 21.26 5.24 65.76 73.93 17.3 75.27 76.33 45.54 33.21 88.03
74.7 99.8 11.15 82.87 67.94 10.03 3 5.47 20.08 68.2 56.14
89.92 60.09 0.69 79.35 2.92 90.22 82.88 52.8 15.73 20.01 73.15
0.96 34.44 43.12 20.05 9.65 8.95 23.84 54.91 75.65 75.84 50.63
57.88 33.75 80.23 81.15 72.36 27.55 85.06 34.04 62.62 42.09 43.87
41.91 10.83 16.97 50.16 32.73 49.36 43.51 76.98 62.45 49.55 59.4
36.2 17.95 94.8 13.87 23.6 54.66 39.89 43.75 83.97 5.56 1.1
64.59 61.15 68.31 24.29 82.44 37.76 2.61 3.24 88.07 60.22 24.17